2 3
3 11
4 11
5 29
6 59
7 83
8 31
9 71
10 179
11 65
12 131
13 259
14 251
15 419
16 79
17 169
18 215
19 683
20 239
21 419
22 307
23 275
24 551
25 524
26 207
27 1403
28 559
29 521
30 1739
31 1859
32 191
33 395
34 2243
35 769
36 1259
37 332
38 759
39 1169
40 1559
41 2213
42 3443
43 343
44 1231
45 494
46 551
47 469
48 1727
49 2351
50 1499
51 5099
52 2651
53 635
54 5723
55 1979
56 2015
57 1595
58 2551
59 707
60 1439
61 6709
62 1239
63 6299
64 447
65 909
66 8579
67 1205
68 2447
69 4691
70 9659
71 3265
72 4319
73 2043
74 3107
75 11099
76 1139
77 1847
78 1559
79 4107
80 4159
81 2672
82 13283
83 1659
84 6971
85 13259
86 1547
87 14963
88 5279
89 5161
90 16019
91 16379
92 5519
93 3347
94 3759
95 1709
96 9119
97 9311
98 1175
99 19403
100 9899
101 6665
102 8567
103 2059
104 6863
105 9449
106 22259
107 7489
108 3023
109 1634
110 1979
111 2663
112 4143
113 6779
114 25763
115 8739
116 3479
117 3392
118 10855
119 9281
120 14279
121 2903
122 19763
123 10331
124 4463
125 10249
126 6299
127 13969
128 1023
129 2063
130 4679
131 11003
132 17291
133 6915
134 2947
135 36179
136 18359
137 1643
138 2759
139 12787
140 4199
141 9869
142 13347
143 5147
144 8639
145 19719
146 7007
147 42923
148 17167
149 13409
150 19799
151 6341
152 15199
153 9179
154 15707
155 15809
156 24179
157 24491
158 1895
159 50243
160 22399
161 17065
162 11663
163 9779
164 5903
165 11384
166 4979
167 6011
168 22175
169 3548
170 4759
171 1709
172 25283
173 7611
174 60203
175 60899
176 6335
177 15575
178 24919
179 4295
180 32219
181 61901
182 20019
183 6587
184 33671
185 11099
186 29015
187 69563
188 18799
189 15875
190 71819
191 2673
192 36671
193 11579
194 8147
195 75659
196 17247
197 25609
198 30887
199 8755
200 3599
201 40199
202 12119
203 21923
204 36719
205 41819
206 14007
207 36017
208 34111
209 28841
210 87779
211 88619
212 29255
213 8519
214 12839
215 12899
216 9287
217 15623
218 6103
219 43361
220 16059
221 9281
222 98123
223 9811
224 33151
225 50399
226 4519
227 6809
228 2735
229 17403
230 16559
231 106259
232 53591
233 4659
234 109043
235 15509
236 12271
237 16589
238 42839
239 37283
240 57359
241 8675
242 15971
243 11663
244 59291
245 39689
246 120539
247 13831
248 14879
249 26144
250 41499
251 41665
252 63251
253 25299
254 39623
255 129539
256 2303
257 4625
258 52631
259 59569
260 44719
261 67859
262 136763
263 15779
264 10559
265 67044
266 46283
267 16019
268 56815
269 47881
270 56699
271 146339
272 48959
273 9827
274 149603
275 16499
276 69551
277 10802
278 10007
279 155123
280 23519
281 11239
282 158483
283 7923
284 15335
285 80939
286 32603
287 54529
288 63359
289 41615
290 27839
291 71585
292 75919
293 3515
294 172283
295 26549
296 58015
297 43955
298 7151
299 59201
300 89699
301 7524
302 19931
303 66659
304 92111
305 25619
306 84455
307 187883
308 6159
309 47585
310 191579
311 61577
312 10295
313 156499
314 28259
315 22679
316 14219
317 66569
318 8903
319 26795
320 67199
321 20543
322 68907
323 9043
324 104651
325 94249
326 9779
327 213203
328 85279
329 5921
330 217139
331 218459
332 7967
333 11987
334 102871
335 24789
336 20159
337 16175
338 60839
339 229163
340 16319
341 77065
342 7523
343 23323
344 26143
345 53819
346 79579
347 10409
348 96047
349 13959
350 20299
351 245699
352 12671
353 32475
354 106199
355 251339
356 27767
357 19634
358 21479
359 85441
360 129239
361 18410
362 8687
363 50819
364 44043
365 177389
366 20495
367 89547
368 30911
369 121769
370 91019
371 13355
372 138011
373 55203
374 92003
375 119249
376 140999
377 18849
378 22679
379 286523
380 41799
381 144779
382 13751
383 9191
384 133631
385 147839
386 6175
387 298763
388 7759
389 14003
390 70199
391 27369
392 98783
393 20435
394 309683
395 103489
396 33263
397 23819
398 20695
399 317603
400 73599
401 26465
402 36179
403 53195
404 108271
405 163619
406 109619
407 109889
408 132191
409 51533
410 4919
411 337019
412 169331
413 8259
414 341963
415 343619
416 38271
417 70055
418 138775
419 37709
420 175979
421 341851
422 29539
423 65987
424 139919
425 39949
426 168695
427 363803
428 15407
429 183611
430 368939
431 25859
432 186191
433 74475
434 59023
435 169649
436 57551
437 20975
438 131399
439 384563
440 128479
441 24254
442 389843
443 51387
444 196691
445 9344
446 120419
447 185057
448 159487
449 59267
450 62999
451 46903
452 18983
453 81539
454 411323
455 136499
456 41495
457 187369
458 27479
459 179009
460 70379
461 47021
462 194039
463 83339
464 47327
465 215759
466 58715
467 144769
468 18719
469 54872
470 73319
471 442739
472 103839
473 17027
474 448403
475 17099
476 150415
477 32435
478 181639
479 67059
480 97919
481 74554
482 153275
483 46367
484 233771
485 34919
486 94283
487 67205
488 29279
489 238631
490 53899
491 17675
492 241571
493 96627
494 68171
495 76229
496 245519
497 14909
498 197207
499 165667
500 17999
501 30059
502 116463
503 66395
504 235871
505 254519
506 21251
507 46643
508 42671
509 42755
510 519179
511 173739
512 5119
513 10259
514 80183
515 151409
516 265739
517 133385
518 68375
519 62279
520 269879
521 180265
522 231767
523 94139
524 182351
525 137549
526 184099
527 56915
528 221759
529 7934
530 46639
531 562859
532 282491
533 74619
534 128159
535 190459
536 12863
537 135323
538 75319
539 192961
540 265679
541 136872
542 185363
543 32579
544 295391
545 179849
546 595139
547 199107
548 19727
549 150425
550 85799
551 201665
552 16007
553 13271
554 99719
555 614939
556 55599
557 86891
558 82583
559 623843
560 208319
561 292841
562 630563
563 168899
564 130283
565 318659
566 47543
567 289169
568 256735
569 215081
570 150479
571 92501
572 24023
573 43547
574 103319
575 219649
576 331199
577 166175
578 34679
579 76427
580 104399
581 73205
582 96611
583 67627
584 226591
585 145664
586 685619
587 51655
588 270479
589 312169
590 230099
591 139475
592 92351
593 92507
594 704483
595 83299
596 26223
597 177905
598 284647
599 10781
600 107999
601 180299
602 120399
603 14471
604 169119
605 36299
606 312695
607 735683
608 196991
609 92567
610 348919
611 109979
612 373931
613 257459
614 125255
615 755219
616 378839
617 125867
618 22247
619 765083
620 107879
621 44711
622 87079
623 102171
624 17471
625 97499
626 86387
627 334817
628 62799
629 262921
630 792539
631 30287
632 265439
633 139259
634 114119
635 262889
636 12719
637 126125
638 25519
639 815363
640 408959
641 38459
642 823043
643 10287
644 38639
645 103844
646 833339
647 55641
648 23327
649 420551
650 46799
651 846299
652 424451
653 54851
654 854123
655 78599
656 129887
657 197099
658 344791
659 96213
660 434939
661 39659
662 83411
663 172379
664 146743
665 293929
666 805859
667 46689
668 29391
669 190664
670 136679
671 297923
672 209663
673 180363
674 150975
675 425249
676 64895
677 13539
678 366119
679 433201
680 20399
681 463079
682 439207
683 8195
684 467171
685 912419
686 52135
687 942563
688 68799
689 148823
690 405719
691 953579
692 318319
693 63755
694 12491
695 321089
696 442655
697 69002
698 41879
699 48929
700 163099
701 326665
702 463319
703 98419
704 46463
705 496319
706 231567
707 110291
708 133103
709 25523
710 49699
711 59723
712 168743
713 128339
714 1018163
715 60059
716 335087
717 128342
718 43079
719 343681
720 517679
721 93729
722 25991
723 98327
724 523451
725 47849
726 1052699
727 1055603
728 34943
729 83834
730 354779
731 355265
732 65879
733 214035
734 118907
735 61739
736 180319
737 361129
738 428039
739 155189
740 41439
741 274169
742 1099643
743 133739
744 552791
745 554279
746 156659
747 1114523
748 98735
749 124333
750 1123499
751 175733
752 374495
753 63251
754 256359
755 379009
756 570779
757 66615
758 75799
759 136619
760 79799
761 118715
762 1159763
763 45779
764 388111
765 527849
766 1171979
767 13805
768 156671
769 279915
770 41579
771 50885
772 595211
773 157691
774 18575
775 1199699
776 178479
777 150737
778 482359
779 401963
780 607619
781 86690
782 203319
783 122147
784 613871
785 409769
786 1234019
787 519419
788 47279
789 582281
790 415539
791 31639
792 626471
793 250587
794 401763
795 539009
796 200591
797 416033
798 111719
799 425067
800 47999
801 320399
802 182855
803 170235
804 645611
805 161804
806 430403
807 41963
808 58175
809 169889
810 1310579
811 1313819
812 438479
813 243899
814 441187
815 146699
816 70991
817 314544
818 29447
819 1339883
820 606799
821 448265
822 213719
823 227147
824 148319
825 39599
826 69383
827 208403
828 49679
829 76267
830 64739
831 24929
832 691391
833 29987
834 1389443
835 1392779
836 464815
837 298808
838 553079
839 70475
840 83159
841 689619
842 101039
843 70811
844 20255
845 474889
846 167507
847 1433123
848 23743
849 719951
850 481099
851 137861
852 664559
853 17059
854 242535
855 208619
856 695071
857 97697
858 504503
859 171799
860 490199
861 185114
862 494787
863 189859
864 224639
865 31139
866 124703
867 1501643
868 600655
869 83423
870 720359
871 1515539
872 214511
873 303803
874 1526003
875 227499
876 357407
877 128041
878 31607
879 131849
880 773519
881 516265
882 123479
883 77703
884 79559
885 371699
886 292379
887 521555
888 124319
889 65785
890 131719
891 181763
892 794771
893 21431
894 1596683
895 533419
896 177407
897 726569
898 642967
899 537601
900 43199
901 22524
902 45099
903 617651
904 249503
905 179189
906 327971
907 228563
908 199759
909 389960
910 385839
911 552065
912 830831
913 164339
914 76775
915 265349
916 279379
917 253091
918 671975
919 762769
920 563039
921 361952
922 132767
923 55379
924 852851
925 556849
926 142603
927 66743
928 144767
929 574121
930 725399
931 1731659
932 553607
933 347075
934 1742843
935 61709
936 875159
937 877031
938 468999
939 1761563
940 882659
941 84689
942 757367
943 79211
944 67967
945 446039
946 56759
947 85229
948 716687
949 128114
950 199499
951 1806899
952 818719
953 26683
954 1818323
955 861409
956 80303
957 228722
958 731911
959 604169
960 863999
961 53815
962 61567
963 57779
964 443439
965 206509
966 1864379
967 622747
968 81311
969 430235
970 267719
971 627265
972 898127
973 377523
974 282459
975 1899299
976 951599
977 29309
978 86063
979 299573
980 638959
981 459107
982 58919
983 255579
984 206639
985 876649
986 17747
987 1946363
988 770639
989 650761
990 1958219
991 279461
992 654719
993 43691
994 1974083
995 23879
996 179279
997 993011
998 35927
999 1994003
1000 332999
1001 308307
1002 286571
1003 200599
1004 222887
1005 422099
1006 404411
1007 60419
1008 60479
1009 339023
1010 48479
1011 325541
1012 412895
1013 547019
1014 2054363
1015 2058419
1016 686815
1017 970217
1018 183239
1019 48911
1020 1039379
1021 159275
1022 692915
1023 208691
1024 11263
1025 22549
1026 898775
1027 2107403
1028 69903
1029 452759
1030 144199
1031 235067
1032 1063991
1033 359483
1034 161303
1035 2140379
1036 37295
1037 238509
1038 851159
1039 342869
1040 93599
1041 1082639
1042 2169443
1043 287867
1044 1088891
1045 30304
1046 41839
1047 138203
1048 876127
1049 182525
1050 2202899
1051 199689
1052 736399
1053 442259
1054 44267
1055 37979
1056 1114079
1057 46507
1058 292007
1059 266867
1060 343439
1061 318299
1062 509759
1063 212599
1064 753311
1065 566579
1066 2270579
1067 249677
1068 64079
1069 1141691
1070 117699
1071 2291939
1072 54671
1073 64379
1074 270647
1075 109649
1076 768263
1077 1158851
1078 185415
1079 774721
1080 60479
1081 1167479
1082 110363
1083 77975
1084 1062319
1085 26039
1086 1081655
1087 282619
1088 152319
1089 506384
1090 791339
1091 264021
1092 1140047
1093 432827
1094 1595051
1095 1084049
1096 170975
1097 61431
1098 320615
1099 2228771
1100 268399
1101 38534
1102 808867
1103 92651
1104 1217711
1105 1194504
1106 364979
1107 2448683
1108 979471
1109 272813
1110 1052279
1111 2466419
1112 40031
1113 244859
1114 579279
1115 827329
1116 589247
1117 469139
1118 165463
1119 2502083
1120 1253279
1121 827297
1122 2515523
1123 251551
1124 357431
1125 580499
1126 844499
1127 845249
1128 22559
1129 203219
1130 169499
1131 81431
1132 50939
1133 67979
1134 2569643
1135 2574179
1136 858815
1137 645815
1138 68279
1139 375869
1140 414959
1141 216789
1142 433959
1143 86867
1144 435863
1145 41219
1146 1251431
1147 2628923
1148 82655
1149 1319051
1150 1138499
1151 400547
1152 556415
1153 530379
1154 443135
1155 2665739
1156 1335179
1157 55535
1158 1069991
1159 34769
1160 895519
1161 243809
1162 1278199
1163 23259
1164 1243151
1165 158439
1166 41975
1167 2721443
1168 1088575
1169 210419
1170 2735459
1171 913379
1172 82039
1173 154835
1174 918067
1175 888299
1176 55271
1177 211859
1178 61255
1179 2777723
1180 24779
1181 928265
1182 652463
1183 165619
1184 930623
1185 664784
1186 2810819
1187 99707
1188 1069199
1189 1412531
1190 71399
1191 566915
1192 473223
1193 186107
1194 35819
1195 2853659
1196 952015
1197 715805
1198 1145287
1199 220615
1200 1438799
1201 1235828
1202 237995
1203 43307
1204 1382191
1205 108449
1206 581291
1207 152081
1208 159455
1209 1460471
1210 701799
1211 973643
1212 1467731
1213 291119
1214 490455
1215 1261169
1216 145919
1217 328589
1218 1183895
1219 2969483
1220 329399
1221 372404
1222 425255
1223 396251
1224 1496951
1225 238874
1226 154475
1227 453989
1228 1203439
1229 44243
1230 3023339
1231 1435345
1232 1010239
1233 69047
1234 3043043
1235 1015169
1236 326303
1237 764465
1238 74279
1239 3067763
1240 491039
1241 1025065
1242 1415879
1243 522059
1244 1030031
1245 1456649
1246 1490215
1247 344171
1248 414335
1249 1411369
1250 209999
1251 75059
1252 1566251
1253 415995
1254 496583
1255 120479
1256 339119
1257 675008
1258 1263031
1259 1055041
1260 478799
1261 1588859
1262 1024743
1263 126299
1264 432287
1265 265649
1266 3202979
1267 375031
1268 197807
1269 515213
1270 3223259
1271 419429
1272 1616711
1273 646683
1274 359267
1275 3248699
1276 1626899
1277 505691
1278 46007
1279 3269123
1280 1090559
1281 753227
1282 371779
1283 46187
1284 154079
1285 235154
1286 550407
1287 527669
1288 1313759
1289 1105961
1290 3325619
1291 397627
1292 77519
1293 594779
1294 512423
1295 1116289
1296 1678319
1297 105056
1298 223255
1299 1418507
1300 400399
1301 530807
1302 796823
1303 338779
1304 508559
1305 1701719
1306 485831
1307 172523
1308 1365551
1309 1712171
1310 188639
1311 3434819
1312 551039
1313 393899
1314 1655639
1315 1564849
1316 1152815
1317 1733171
1318 52719
1319 1155443
1320 110879
1321 546893
1322 145419
1323 1338875
1324 1751651
1325 1168649
1326 159119
1327 501605
1328 462143
1329 220613
1330 3535139
1331 1179265
1332 1772891
1333 79979
1334 56027
1335 138839
1336 594519
1337 1082969
1338 1418279
1339 3583163
1340 554759
1341 768392
1342 3599243
1343 478107
1344 106175
1345 301279
1346 177671
1347 3626123
1348 566159
1349 188859
1350 3642299
1351 48635
1352 140607
1353 730619
1354 3663923
1355 56909
1356 1837379
1357 1840091
1358 244439
1359 244619
1360 1848239
1361 1233065
1362 1585367
1363 245339
1364 1227599
1365 1861859
1366 35515
1367 248793
1368 1493855
1369 361415
1370 561699
1371 3756539
1372 576239
1373 82379
1374 906839
1375 1259499
1376 536639
1377 1894751
1378 347255
1379 421973
1380 75899
1381 69049
1382 140963
1383 215747
1384 638023
1385 581699
1386 898127
1387 1850257
1388 249839
1389 1927931
1390 183479
1391 425645
1392 153119
1393 774507
1394 646815
1395 3889259
1396 649139
1397 176021
1398 117431
1399 3911603
1400 1301999
1401 1961399
1402 3928403
1403 56119
1404 842399
1405 3872179
1406 329003
1407 472751
1408 1582591
1409 219803
1410 3973379
1411 84659
1412 1327279
1413 197819
1414 113119
1415 311299
1416 1886111
1417 167205
1418 153143
1419 4024283
1420 942879
1421 1344265
1422 4041323
1423 404131
1424 51263
1425 256499
1426 4064099
1427 1352795
1428 325583
1429 145757
1430 97239
1431 4092659
1432 292127
1433 544539
1434 1978919
1435 129149
1436 603119
1437 448343
1438 1581799
1439 293555
1440 2072159
1441 665741
1442 447019
1443 207791
1444 2083691
1445 1378529
1446 1761227
1447 1895569
1448 139007
1449 2098151
1450 643799
1451 1401665
1452 2106851
1453 714875
1454 104687
1455 4231139
1456 203839
1457 282657
1458 379079
1459 1418147
1460 201479
1461 112496
1462 684215
1463 87779
1464 2141831
1465 1025499
1466 715407
1467 1839617
1468 1720495
1469 161589
1470 4318859
1471 506023
1472 52991
1473 265139
1474 619079
1475 1448449
1476 2001455
1477 726683
1478 289687
1479 4371923
1480 1983199
1481 204377
1482 4389683
1483 219483
1484 228535
1485 550934
1486 163459
1487 1472129
1488 178559
1489 339491
1490 44699
1491 402569
1492 698255
1493 591227
1494 2133431
1495 627899
1496 496671
1497 269459
1498 1791607
1499 161891
1500 2248499
1501 2251499
1502 90119
1503 150299
1504 360959
1505 349159
1506 4533059
1507 2155009
1508 199055
1509 194660
1510 4557179
1511 707147
1512 2284631
1513 332859
1514 763055
1515 527219
1516 109151
1517 63713
1518 1839815
1519 4611683
1520 139839
1521 2311919
1522 1083663
1523 127931
1524 701039
1525 1162049
1526 384551
1527 106889
1528 421727
1529 1556521
1530 302939
1531 312323
1532 520879
1533 938195
1534 4703243
1535 46049
1536 2267135
1537 336602
1538 30759
1539 554039
1540 2370059
1541 240395
1542 4752443
1543 475243
1544 453935
1545 1192739
1546 108219
1547 1593409
1548 1913327
1549 250937
1550 399899
1551 2056625
1552 2303167
1553 614987
1554 2219111
1555 690419
1556 186719
1557 731789
1558 205655
1559 1618241
1560 2432039
1561 243515
1562 1621355
1563 3907499
1564 2358511
1565 694859
1566 156599
1567 37607
1568 282239
1569 1230095
1570 197819
1571 546707
1572 1056383
1573 113255
1574 412387
1575 2390849
1576 1178847
1577 551949
1578 284039
1579 94739
1580 511919
1581 398411
1582 1667427
1583 664859
1584 2507471
1585 2510639
1586 47579
1587 2370977
1588 222319
1589 419495
1590 1081199
1591 1686459
1592 1687519
1593 133811
1594 5078483
1595 1693889
1596 87779
1597 407234
1598 671159
1599 2427281
1600 364799
1601 384239
1602 5129603
1603 102591
1604 571023
1605 2574419
1606 751607
1607 115703
1608 688223
1609 1293635
1610 405719
1611 1037483
1612 2353519
1613 225819
1614 2227319
1615 1737739
1616 1735583
1617 1261259
1618 2090455
1619 796547
1620 1263599
1621 374450
1622 820731
1623 941339
1624 1234239
1625 555749
1626 1056899
1627 5291003
1628 97679
1629 663002
1630 1770179
1631 1771265
1632 489599
1633 1064715
1634 1617659
1635 2285729
1636 891619
1637 1784329
1638 425879
1639 45891
1640 596959
1641 157535
1642 758603
1643 59147
1644 2544911
1645 1085699
1646 451003
1647 652211
1648 2168767
1649 257243
1650 5441699
1651 1089659
1652 604631
1653 1090979
1654 5468123
1655 95989
1656 347759
1657 1371995
1658 39791
1659 879269
1660 2753939
1661 896939
1662 5521163
1663 299339
1664 1843711
1665 2770559
1666 369851
1667 166699
1668 513743
1669 1343544
1670 260519
1671 80207
1672 931303
1673 247603
1674 5601203
1675 656599
1676 1870415
1677 1202408
1678 100679
1679 624587
1680 2820719
1681 282407
1682 878003
1683 80783
1684 60623
1685 1890569
1686 5681819
1687 1896187
1688 1519199
1689 861389
1690 304199
1691 781241
1692 1340063
1693 1144467
1694 955415
1695 820379
1696 191647
1697 142547
1698 81503
1699 927653
1700 866999
1701 2725001
1702 1395639
1703 769755
1704 2901911
1705 414314
1706 644867
1707 5824283
1708 75151
1709 451175
1710 2688119
1711 530409
1712 277343
1713 582419
1714 2790391
1715 216089
1716 355211
1717 2946371
1718 130567
1719 2526929
1720 309599
1721 309779
1722 1343159
1723 268787
1724 1975703
1725 743474
1726 289967
1727 1986049
1728 794879
1729 995903
1730 498239
1731 5989259
1732 999363
1733 103979
1734 6010043
1735 6016979
1736 229151
1737 286604
1738 2398439
1739 313019
1740 182699
1741 5957701
1742 658475
1743 69719
1744 2755519
1745 289669
1746 6093539
1747 870005
1748 202767
1749 1406195
1750 6121499
1751 2038163
1752 245279
1753 1227099
1754 873491
1755 2702699
1756 3081779
1757 2055689
1758 63287
1759 6184643
1760 464639
1761 1326032
1762 951479
1763 810979
1764 3109931
1765 1556729
1766 935979
1767 6241043
1768 530399
1769 2069729
1770 6262259
1771 417955
1772 418191
1773 1255283
1774 6290603
1775 276899
1776 3047615
1777 639719
1778 277367
1779 6326123
1780 3166619
1781 2112265
1782 2715767
1783 392259
1784 249759
1785 1024589
1786 6376019
1787 235883
1788 107279
1789 112706
1790 533419
1791 6411779
1792 3209471
1793 853467
1794 1506959
1795 258479
1796 32327
1797 3227411
1798 2581927
1799 323819
1800 3131999
1801 497075
1802 540599
1803 367811
1804 1084203
1805 1082999
1806 1033031
1807 6526883
1808 43391
1809 3270671
1810 1248899
1811 507079
1812 3281531
1813 1269099
1814 108839
1815 3103649
1816 1098679
1817 937571
1818 879911
1819 6613883
1820 2205839
1821 54629
1822 6635723
1823 1771955
1824 1422719
1825 401499
1826 277551
1827 767339
1828 102367
1829 1046187
1830 6694139
1831 955781
1832 329759
1833 447251
1834 528191
1835 2242369
1836 3369059
1837 1686365
1838 771959
1839 6760163
1840 1037759
1841 375563
1842 51575
1843 1216379
1844 2264431
1845 221399
1846 6811739
1847 2271809
1848 909215
1849 3416951
1850 1132199
1851 6848699
1852 1405667
1853 66707
1854 389339
1855 6878339
1856 2294015
1857 1665728
1858 2757271
1859 323465
1860 3457739
1861 6811259
1862 134063
1863 1378619
1864 3472631
1865 261099
1866 111959
1867 6967643
1868 919055
1869 1682099
1870 998579
1871 52387
1872 3302207
1873 1191227
1874 292343
1875 3341249
1876 206359
1877 777077
1878 2816999
1879 766631
1880 1003919
1881 353627
1882 3425239
1883 188299
1884 3547571
1885 3551339
1886 2365043
1887 2773889
1888 113279
1889 2376361
1890 7140419
1891 374417
1892 90815
1893 1431107
1894 1022759
1895 795899
1896 561215
1897 3596711
1898 417559
1899 7208603
1900 3457999
1901 342179
1902 7231403
1903 723139
1904 2364767
1905 1668779
1906 1166471
1907 38139
1908 68687
1909 3302569
1910 378179
1911 1460003
1912 1217943
1913 229559
1914 294755
1915 1045589
1916 2444815
1917 1836485
1918 667463
1919 2452481
1920 3340799
1921 1753872
1922 115319
1923 738431
1924 3699851
1925 2467849
1926 7415099
1927 7422803
1928 30847
1929 486107
1930 1744719
1931 347579
1932 3730691
1933 1492275
1934 622747
1935 905579
1936 528527
1937 2498729
1938 193799
1939 7515563
1940 500519
1941 753107
1942 854479
1943 69947
1944 3335903
1945 1260359
1946 1261007
1947 295943
1948 350639
1949 140327
1950 3252599
1951 3679585
1952 2537599
1953 273419
1954 7632323
1955 2545409
1956 3823979
1957 164387
1958 493415
1959 7671443
1960 3839639
1961 2561065
1962 7694963
1963 510379
1964 235679
1965 3859259
1966 7726379
1967 389465
1968 3093695
1969 68914
1970 590999
1971 3323105
1972 431867
1973 1033851
1974 7789403
1975 3535249
1976 865487
1977 3783977
1978 166151
1979 2608321
1980 3777839
1981 459591
1982 118919
1983 118979
1984 3934271
1985 750329
1986 3396059
1987 945811
1988 516879
1989 477359
1990 3765079
1991 880021
1992 1697183
1993 1586427
1994 2644043
1995 7956059
1996 407183
1997 2416369
1998 367631
1999 227885
2000 139999
2001 2000999
2002 8012003
2003 264395
2004 4014011
2005 1263149
2006 1143419
2007 8052083
2008 361439
2009 409835
2010 8076179
2011 8084219
2012 2679983
2013 1328579
2014 2702787
2015 628679
2016 3894911
2017 72611
2018 540823
2019 3694769
2020 290879
2021 1358111