2 8
3 9
4 24
5 50
6 72
7 28
8 64
9 162
10 60
11 121
12 240
13 234
14 392
15 75
16 160
17 204
18 648
19 228
20 400
21 294
22 264
23 529
24 504
25 200
26 1352
27 540
28 504
29 1682
30 1800
31 186
32 384
33 2178
34 748
35 1225
36 324
37 740
38 1140
39 1521
40 2160
41 3362
42 336
43 1204
44 484
45 540
46 460
47 1692
48 2304
49 1470
50 5000
51 2601
52 624
53 5618
54 1944
55 1980
56 1568
57 2508
58 696
59 1416
60 6600
61 1220
62 6200
63 441
64 896
65 8450
66 1188
67 2412
68 4624
69 9522
70 3220
71 4260
72 2016
73 3066
74 10952
75 1125
76 1824
77 1540
78 4056
79 4108
80 2640
81 13122
82 1640
83 6889
84 13104
85 1530
86 14792
87 5220
88 5104
89 15842
90 16200
91 5460
92 3312
93 3720
94 1692
95 9025
96 9216
97 1164
98 19208
99 9801
100 6600
101 8484
102 2040
103 6798
104 9360
105 22050
106 7420
107 2996
108 1620
109 1962
110 2640
111 4107
112 6720
113 25538
114 8664
115 3450
116 3364
117 10764
118 9204
119 14161
120 2880
121 19602
122 10248
123 4428
124 10168
125 6250
126 13860
127 1016
128 2048
129 4644
130 10920
131 17161
132 6864
133 2926
134 35912
135 18225
136 1632
137 2740
138 12696
139 4170
140 9800
141 13254
142 5112
143 8580
144 19584
145 6960
146 42632
147 17052
148 13320
149 19668
150 6300
151 15100
152 9120
153 15606
154 15708
155 24025
156 24336
157 1884
158 49928
159 22260
160 16960
161 11592
162 9720
163 5868
164 11316
165 4950
166 5976
167 22044
168 3528
169 4732
170 1700
171 25137
172 7568
173 59858
174 60552
175 6300
176 15488
177 24780
178 4272
179 32041
180 61560
181 19910
182 6552
183 33489
184 11040
185 28860
186 69192
187 18700
188 15792
189 71442
190 2660
191 36481
192 11520
193 8106
194 75272
195 17160
196 25480
197 30732
198 8712
199 3582
200 40000
201 12060
202 21816
203 36540
204 41616
205 13940
206 35844
207 33948
208 28704
209 87362
210 88200
211 29118
212 8480
213 12780
214 12840
215 9245
216 15552
217 6076
218 43164
219 15987
220 9240
221 97682
222 9768
223 33004
224 50176
225 4500
226 6780
227 2724
228 17328
229 16488
230 105800
231 53361
232 4640
233 108578
234 15444
235 12220
236 16520
237 42660
238 37128
239 57121
240 8640
241 15906
242 11616
243 59049
244 39528
245 120050
246 13776
247 14820
248 26040
249 41334
250 41500
251 63001
252 25200
253 39468
254 129032
255 2295
256 4608
257 52428
258 59340
259 44548
260 67600
261 136242
262 15720
263 10520
264 66792
265 46110
266 15960
267 56604
268 47704
269 56490
270 145800
271 48780
272 9792
273 149058
274 16440
275 69300
276 10764
277 9972
278 154568
279 23436
280 11200
281 157922
282 7896
283 15282
284 80656
285 32490
286 54340
287 63140
288 41472
289 27744
290 71340
291 75660
292 3504
293 171698
294 26460
295 57820
296 43808
297 7128
298 59004
299 89401
300 7500
301 19866
302 66440
303 91809
304 25536
305 84180
306 187272
307 6140
308 47432
309 190962
310 61380
311 10263
312 156000
313 28170
314 22608
315 14175
316 66360
317 8876
318 26712
319 66990
320 20480
321 68694
322 9016
323 104329
324 93960
325 9750
326 212552
327 85020
328 5904
329 216482
330 217800
331 7944
332 11952
333 102564
334 24716
335 20100
336 16128
337 60660
338 228488
339 16272
340 76840
341 7502
342 23256
343 26068
344 53664
345 79350
346 10380
347 95772
348 13920
349 20242
